183867494258387578047270056393468558989
194500929284517739718065981435847662841
199074162669930523450076940597047944223
234234498556566732965203260673037112983
180524098334343833217578052987879035177
322453212905228285133950338297981965683
271074844993430632667497867519901688637
324644161762155516121374525805372855691
256435656783542416231971402893395126909
330984138525378140886346801211779347623
284394108017766530728027508650286017153
194925641338662477411407909351101380089
269096616443256061776849625635862108019
240719735121341144981443681760709428093
221673130698991596335047100500401101687
257084403228283953341929059231342200431
239601079611530569349092721391052010939
213226178028700211691295856989433666689
252530165260070551746028970344217060953
239268355857097601846067287805885467683
225843829555413926324321920903977875279
191531667800519405309291931236686016099
172029210703875114134951360975739969683
317315920133882584733828409598362331499
272810016145603083676888017089837819629
211485008563041262379733373493504092537
201106694543577591240659804375564192447
257763458802876138446628586500582457627
182747726580998039587479703092066318457
269224428448206890365368204043139972129
275471654839087410003911382238361061737
223386285486785347265096691317042569051
196542309669230886390468331085033604779
307756717594806903864681033645243224837
273750814330786138639315909058408500373
319129871082413390301600669205875746333
236853547162241044563642114058338842197
180251735096101428473210359411327155133
263707374872641059819126035373163586927
175373760646347579373474086441958580777
274554652613268777961241551687655781191
285866699483819755433141083616093107487
304588558456104454491488113227472103003
189339886521310022672853699594821259557
243866656653299407307419768339865319077
254312731508183121939071712831087204773
279812175610261088808327399091439176591
239677454148543321655203278004128449327
218230084679485240656582953556110963147
248966877371632395554090174999510227591
246679639445652079655649982317917506889
217327432473162878017297177861517800807
225845469032272385396171094315491301413
331517139695763755380052372372730846131
197167622361964442048156560361996238661
245666952135945929037979562059987757117
247622549956170897312592119427198437401
312472835381309616585698966707012475797
281982890467782100439519278534344797431
338679786309082927773830722167636952139
280744322381716040759286686863764042253
174756954076622597822278500177539860037
192578847738668260938491192720319604751
174974626175547720964447933723807747709
334827378834979637468363657832812589031
172894857870507612301515566854017599269
246943801430451956915742535672205817271
204250001096730795663339408433825980379
260071947542012289351964740247973463457
189265223422926112788513519462279396823
194068635545315501479753367666657001259
271978241894298375088117323855796946459
292446062916830701068529146924240626087
333473687214082788535708697936891029397
316969038051880405555650441582589116379
315092517540493618635660329733454609823
196440422583199852819399252665644053007
283996717815547718112921645331841731381
259360388484885771517264835692140464327
314767919599883191299697798916343251323
339796618301898664121567804179682082637
286440389761218648062216374832990794367
178461712993674054284333766793934439451
289758998734070990560804369256524099307
317981924617974709935699232848179806561
228686133650079761068359500589404510303
314939606487717915276922668807332528891
316258186758077145360362157674622470401
258712095591523940365188789299010918137
307051142830188498574580456765191441871
218374975736255399065737233566732302011
233276283456195057221498093757604198387
323781476936779556564288154250027348793
256872206385601389801482206090665378677
273408023654307205601924703544626244373
184017743459525146743179981463745739867
305321988829726180504018826407485604123
221838010973079393187836409355680005229
308821257439982941061941596719354431597
239660395756712785736138719030079515673
